Time y1 y2
-10.00    0.0000    0.0000 
-9.90    0.0000    0.0000 
-9.80    0.0000    0.0000 
-9.70    0.0000    0.0000 
-9.60    0.0000    0.0000 
-9.50    0.0000    0.0000 
-9.40    0.0000    0.0000 
-9.30    0.0000    0.0000 
-9.20    0.0000    0.0000 
-9.10    0.0000    0.0000 
-9.00    0.0000    0.0000 
-8.90    0.0000    0.0000 
-8.80    0.0000    0.0000 
-8.70    0.0000    0.0000 
-8.60    0.0000    0.0000 
-8.50    0.0000    0.0000 
-8.40    0.0000    0.0000 
-8.30    0.0000    0.0000 
-8.20    0.0000    0.0000 
-8.10    0.0000    0.0000 
-8.00    0.0000    0.0000 
-7.90    0.0000    0.0000 
-7.80    0.0000    0.0000 
-7.70    0.0000    0.0000 
-7.60    0.0000    0.0000 
-7.50    0.0000    0.0000 
-7.40    0.0000    0.0000 
-7.30    0.0000    0.0000 
-7.20    0.0000    0.0000 
-7.10    0.0000    0.0000 
-7.00    0.0000    0.0000 
-6.90    0.0000    0.0000 
-6.80    0.0000    0.0000 
-6.70    0.0000    0.0000 
-6.60    0.0000    0.0000 
-6.50    0.0000    0.0000 
-6.40    0.0000    0.0000 
-6.30    0.0000    0.0000 
-6.20    0.0000    0.0000 
-6.10    0.0000    0.0000 
-6.00    0.0000    0.0000 
-5.90    0.0000    0.0000 
-5.80    0.0000    0.0000 
-5.70    0.0000    0.0000 
-5.60    0.0000    0.0000 
-5.50    0.0000    0.0000 
-5.40    0.0000    0.0000 
-5.30    0.0000    0.0000 
-5.20    0.0000    0.0000 
-5.10    0.0000    0.0000 
-5.00    0.0000    0.0000 
-4.90    0.0000    0.0000 
-4.80    0.0000    0.0000 
-4.70    0.0000    0.0000 
-4.60    0.0000    0.0000 
-4.50    0.0000    0.0000 
-4.40    0.0000    0.0000 
-4.30    0.0000    0.0000 
-4.20    0.0000    0.0000 
-4.10    0.0000    0.0000 
-4.00    0.0000    0.0000 
-3.90    0.0000    0.0000 
-3.80    0.0000    0.0000 
-3.70    0.0000    0.0000 
-3.60    0.0000    0.0000 
-3.50    0.0000    0.0000 
-3.40    0.0000    0.0000 
-3.30    0.0000    0.0000 
-3.20    0.0000    0.0000 
-3.10    0.0000    0.0000 
-3.00    0.0000    0.0000 
-2.90    0.0000    0.0000 
-2.80    0.0000    0.0000 
-2.70    0.0000    0.0000 
-2.60    0.0000    0.0000 
-2.50    0.0000    0.0000 
-2.40    0.0000    0.0000 
-2.30    0.0000    0.0000 
-2.20    0.0000    0.0000 
-2.10    0.0000    0.0000 
-2.00    0.0000    0.0000 
-1.90    0.0000    0.0000 
-1.80    0.0000    0.0000 
-1.70    0.0000    0.0000 
-1.60    0.0000    0.0000 
-1.50    0.0000    0.0000 
-1.40    0.0000    0.0000 
-1.30    0.0000    0.0000 
-1.20    0.0000    0.0000 
-1.10    0.0000    0.0000 
-1.00    0.0000    0.0000 
-0.90    0.0000    0.0000 
-0.80    0.0000    0.0000 
-0.70    0.0000    0.0000 
-0.60    0.0000    0.0000 
-0.50    0.0000    0.0000 
-0.40    0.0000    0.0000 
-0.30    0.0000    0.0000 
-0.20    0.0000    0.0000 
-0.10    0.0000    0.0000 
-0.00    0.0000    0.0000 
0.10    0.2761    3.1000 
0.20    0.5088    3.2000 
0.30    0.7037    3.3000 
0.40    0.8659    3.4000 
0.50    1.0000    3.5000 
0.60    1.1098    3.6000 
0.70    1.1986    3.7000 
0.80    1.2696    3.8000 
0.90    1.3253    3.9000 
1.00    1.3679    4.0000 
1.10    1.3994    4.1000 
1.20    1.4217    4.2000 
1.30    1.4361    4.3000 
1.40    1.4439    4.4000 
1.50    1.4463    4.5000 
1.60    1.4442    4.6000 
1.70    1.4384    4.7000 
1.80    1.4298    4.8000 
1.90    1.4188    4.9000 
2.00    1.4060    5.0000 
2.10    1.3919    5.1000 
2.20    1.3767    5.2000 
2.30    1.3609    5.3000 
2.40    1.3447    5.4000 
2.50    1.3283    5.5000 
2.60    1.3119    5.6000 
2.70    1.2957    5.7000 
2.80    1.2797    5.8000 
2.90    1.2641    5.9000 
3.00    1.2489    6.0000 
3.10    1.2343    6.1000 
3.20    1.2201    6.2000 
3.30    1.2065    6.3000 
3.40    1.1936    6.4000 
3.50    1.1812    6.5000 
3.60    1.1694    6.6000 
3.70    1.1582    6.7000 
3.80    1.1476    6.8000 
3.90    1.1376    6.9000 
4.00    1.1282    7.0000 
4.10    1.1193    7.1000 
4.20    1.1110    7.2000 
4.30    1.1031    7.3000 
4.40    1.0958    7.4000 
4.50    1.0889    7.5000 
4.60    1.0824    7.6000 
4.70    1.0764    7.7000 
4.80    1.0708    7.8000 
4.90    1.0655    7.9000 
5.00    1.0606    8.0000 
5.10    1.0561    8.1000 
5.20    1.0519    8.2000 
5.30    1.0479    8.3000 
5.40    1.0443    8.4000 
5.50    1.0409    8.5000 
5.60    1.0377    8.6000 
5.70    1.0348    8.7000 
5.80    1.0321    8.8000 
5.90    1.0296    8.9000 
6.00    1.0273    9.0000 
6.10    1.0251    9.1000 
6.20    1.0231    9.2000 
6.30    1.0213    9.3000 
6.40    1.0196    9.4000 
6.50    1.0180    9.5000 
6.60    1.0166    9.6000 
6.70    1.0153    9.7000 
6.80    1.0140    9.8000 
6.90    1.0129    9.9000 
7.00    1.0119    10.0000 
7.10    1.0109    10.1000 
7.20    1.0100    10.2000 
7.30    1.0092    10.3000 
7.40    1.0084    10.4000 
7.50    1.0077    10.5000 
7.60    1.0071    10.6000 
7.70    1.0065    10.7000 
7.80    1.0060    10.8000 
7.90    1.0055    10.9000 
8.00    1.0050    11.0000 
8.10    1.0046    11.1000 
8.20    1.0042    11.2000 
8.30    1.0039    11.3000 
8.40    1.0036    11.4000 
8.50    1.0033    11.5000 
8.60    1.0030    11.6000 
8.70    1.0027    11.7000 
8.80    1.0025    11.8000 
8.90    1.0023    11.9000 
9.00    1.0021    12.0000 
9.10    1.0019    12.1000 
9.20    1.0018    12.2000 
9.30    1.0016    12.3000 
9.40    1.0015    12.4000 
9.50    1.0013    12.5000 
9.60    1.0012    12.6000 
9.70    1.0011    12.7000 
9.80    1.0010    12.8000 
9.90    1.0009    12.9000 
10.00    1.0009    13.0000 
